root d 1 755 0 0 4096 5 22 12 0 /
home d 1 755 1000 1000 4096 5 22 12 0 /
hom2 d 1 755 0 0 4096 5 24 20 41 /
i2 d 1 755 0 0 4096 5 25 17 46 /
er d 1 755 0 0 4096 5 25 17 46 /i2
file1 - 1 644 0 0 9 5 24 20 41 /hom2
kk - 1 644 0 0 9 5 24 20 41 /hom2
kk33 d 1 755 0 0 4096 5 24 20 36 /home
file1 - 1 644 0 0 9 5 24 20 36 /home
file2 - 1 644 0 0 9 5 24 20 41 /home
test.z - 1 644 0 0 92 5 24 22 13 /home
q2 d 1 755 0 0 4096 5 25 13 46 /home
m2 d 1 755 0 0 4096 5 27 12 57 /home
k3 d 1 755 0 0 4096 5 27 12 57 /home/m2
k1 d 1 755 0 0 4096 5 25 15 33 /home/kk33
